testlist <- list(size = NULL, n = 5.45361239830194e-311, element_size = 0L)