testlist <- list(c = 167772160L, r = -1308642895L)