testlist <- list(c = 0L, r = 940179456L)