testlist <- list(x = 2.30353166717023e-319)