testlist <- list(hi = 0, lo = 1.38684226787638e-320, mu = 0, sig = 0)