testlist <- list(x = 4.94065645841247e-323, y = 0)