testlist <- list(K = 170459136L)